0.000000000000000e+00
1.010101010101010e-11
2.020202020202020e-11
3.030303030303031e-11
4.040404040404041e-11
5.050505050505050e-11
6.060606060606062e-11
7.070707070707071e-11
8.080808080808081e-11
9.090909090909091e-11
1.010101010101010e-10
1.111111111111111e-10
1.212121212121212e-10
1.313131313131313e-10
1.414141414141414e-10
1.515151515151515e-10
1.616161616161616e-10
1.717171717171717e-10
1.818181818181818e-10
1.919191919191919e-10
2.020202020202020e-10
2.121212121212121e-10
2.222222222222222e-10
2.323232323232323e-10
2.424242424242425e-10
2.525252525252525e-10
2.626262626262627e-10
2.727272727272727e-10
2.828282828282829e-10
2.929292929292929e-10
3.030303030303031e-10
3.131313131313131e-10
3.232323232323232e-10
3.333333333333334e-10
3.434343434343434e-10
3.535353535353536e-10
3.636363636363636e-10
3.737373737373738e-10
3.838383838383838e-10
3.939393939393940e-10
4.040404040404040e-10
4.141414141414142e-10
4.242424242424243e-10
4.343434343434344e-10
4.444444444444445e-10
4.545454545454546e-10
4.646464646464647e-10
4.747474747474747e-10
4.848484848484849e-10
4.949494949494950e-10
5.050505050505051e-10
5.151515151515151e-10
5.252525252525253e-10
5.353535353535354e-10
5.454545454545455e-10
5.555555555555555e-10
5.656565656565657e-10
5.757575757575758e-10
5.858585858585859e-10
5.959595959595960e-10
6.060606060606061e-10
6.161616161616162e-10
6.262626262626262e-10
6.363636363636364e-10
6.464646464646465e-10
6.565656565656566e-10
6.666666666666667e-10
6.767676767676768e-10
6.868686868686869e-10
6.969696969696970e-10
7.070707070707071e-10
7.171717171717172e-10
7.272727272727273e-10
7.373737373737375e-10
7.474747474747475e-10
7.575757575757576e-10
7.676767676767677e-10
7.777777777777778e-10
7.878787878787879e-10
7.979797979797980e-10
8.080808080808081e-10
8.181818181818182e-10
8.282828282828283e-10
8.383838383838384e-10
8.484848484848486e-10
8.585858585858586e-10
8.686868686868687e-10
8.787878787878788e-10
8.888888888888890e-10
8.989898989898990e-10
9.090909090909091e-10
9.191919191919193e-10
9.292929292929293e-10
9.393939393939394e-10
9.494949494949495e-10
9.595959595959596e-10
9.696969696969698e-10
9.797979797979799e-10
9.898989898989900e-10
1.000000000000000e-09
