0.000000000000000e+00
2.040816326530612e-11
4.081632653061225e-11
6.122448979591836e-11
8.163265306122449e-11
1.020408163265306e-10
1.224489795918367e-10
1.428571428571429e-10
1.632653061224490e-10
1.836734693877551e-10
2.040816326530612e-10
2.244897959183674e-10
2.448979591836735e-10
2.653061224489796e-10
2.857142857142857e-10
3.061224489795918e-10
3.265306122448980e-10
3.469387755102041e-10
3.673469387755102e-10
3.877551020408163e-10
4.081632653061225e-10
4.285714285714286e-10
4.489795918367347e-10
4.693877551020408e-10
4.897959183673469e-10
5.102040816326530e-10
5.306122448979592e-10
5.510204081632653e-10
5.714285714285714e-10
5.918367346938775e-10
6.122448979591837e-10
6.326530612244898e-10
6.530612244897959e-10
6.734693877551020e-10
6.938775510204082e-10
7.142857142857143e-10
7.346938775510204e-10
7.551020408163266e-10
7.755102040816327e-10
7.959183673469388e-10
8.163265306122449e-10
8.367346938775511e-10
8.571428571428572e-10
8.775510204081633e-10
8.979591836734694e-10
9.183673469387756e-10
9.387755102040816e-10
9.591836734693878e-10
9.795918367346938e-10
1.000000000000000e-09
